# **************************************************************************** #
#                                                                              #
#                                                         :::      ::::::::    #
#    Makefile                                           :+:      :+:    :+:    #
#                                                     +:+ +:+         +:+      #
#    By: edoardo <edoardo@student.42.fr>            +#+  +:+       +#+         #
#                                                 +#+#+#+#+#+   +#+            #
#    Created: 2023/07/23 15:54:22 by edoardo           #+#    #+#              #
#    Updated: 2024/02/13 14:49:56 by edoardo          ###   ########.fr        #
#                                                                              #
# **************************************************************************** #

NAME 		= PmergeMe

CC			= c++ -std=c++98
FLAGS		= -Wall -Wextra -Werror
RM			= rm -rf

OBJDIR      = .objFiles

FILES		= main PmergeMe

SRC			= $(FILES:=.cpp)
OBJ			= $(addprefix $(OBJDIR)/, $(FILES:=.o))
HEADER		= PmergeMe.hpp

NONE="\033[0m"
GREEN="\033[32m"
GRAY="\033[2;37m"
CURSIVE="\033[3m"
YELLOW=	"\033[1;33"

.PHONY: all clean fclean re leaks

all: $(NAME)

$(NAME): $(OBJ) $(HEADER)
	@echo $(CURSIVE)$(GRAY) "     - Making object files..." $(NONE)
	@echo $(CURSIVE) $(GRAY) "     - Compiling $(NAME)..." $(NONE)
	@$(CC)  $(FLAGS) $(OBJ) $(OPTS) -o $(NAME)
	@echo $(GREEN)"- Compiled -"$(NONE)

$(OBJDIR)/%.o: %.cpp $(HEADER)
	@mkdir -p $(dir $@)
	@$(CC) $(FLAGS) $(OPTS) -c $< -o $@

play:re
	@./$(NAME) 11 2 17 0 16 8 6 15 10 3 21 1 18 9 14 19 12 5 4 20 13 7

test:re
	@./$(NAME) `shuf -i 1-100000 -n 3000 | tr "\n" " "`

luca:re
	@./$(NAME) 777 737 476 892 189 873 991 794 798 125 57 313 569 51 106 633 265 711 342 325 698 413 87 439 756 695 187 55 319 175 499 155 172 159 114 758 181 936 663 78 190 41 299 771 219 617 980 611 330 191 693 944 531 854 339 466 300 468 433 154 687 987 877 222 407 201 580 225 616 335 887 997 995 975 423 220 767 644 68 315 426 615 95 568 723 382 828 860 102 634 58 810 305 844 720 445 81 622 825 601 878 393 625 862 501 447 314 834 726 545 631 258 247 544 939 607 643 18 242 443 485 416 951 174 484 19 469 256 165 988 746 576 49 586 117 993 110 168 623 147 684 605 232 291 823 279 519 533 100 429 849 122 632 209 505 971 739 353 76 412 661 328 25 967 930 694 111 321 115 619 826 151 327 240 906 929 164 896 334 449 953 347 123 925 540 509 194 167 59 208 827 176 399 683 152 148 338 153 565 355 293 626 361 271 234 671 63 924 132 134 907 389 414 278 673 75 381 272 421 130 199 79 546 534 377 277 173 224 885 730 556 24 990 716 989 842 206 572 183 1000 901 832 246 493 966 840 699 188 410 895 969 504 233 359 755 744 249 898 420 923 635 144 550 436 978 211 804 64 158 973 948 385 781 627 805 296 85 624 667 316 138 722 853 3 789 590 532 370 940 192 802 909 310 235 324 350 610 492 956 675 517 783 931 281 902 747 792 947 139 750 2 56 952 169 888 398 31 883 441 829 891 841 276 982 104 597 641 460 1 807 557 879 740 380 112 29 916 92 116 992 686 516 98 964 561 748 35 984 89 440 762 602 981 185 815 776 306 715 166 790 378 974 666 937 156 196 74 303 941 884 979 932 223 32 71 170 478 406 193 801 729 542 390 718 366 813 882 803 415 784 61 614 177 913 275 559 791 766 28 702 701 82 678 431 248 588 364 525 496 541 22 9 872 251 160 374 36 137 446 976 629 195 659 254 448 336 508 958 424 920 886 876 960 86 388 674 593 999 996 620 899 10 863 642 309 145 818 874 301 266 402 77 320 260 665 491 582 386 983 96 905 649 214 536 578 244 263 949 200 253 612 786 312 457 831 685 419 706 311 761 197 558 704 728 257 401 373 681 735 90 392 375 676 529 764 553 636 742 12 847 817 521 662 221 555 458 17 648 332 680 819 45 109 503 489 592 677 856 713 788 46 259 471 741 672 977 528 105 570 765 298 915 80 295 400 268 14 5 587 574 411 417 33 47 816 908 108 669 280 395 318 83 752 66 658 954 654 140 218 820 133 358 855 463 858 483 422 697 838 985 241 62 255 881 101 212 356 836 571 250 926 618 118 998 131 912 452 384 609 664 837 308 344 707 797 543 910 333 946 430 812 37 994 581 900 136 326 290 537 67 236 128 444 323 943 97 465 340 179 30 454 596 292 520 689 205 821 721 515 942 871 369 736 362 551 497 717 297 703 427 962 23 142 768 811 65 563 830 584 795 368 970 161 282 146 523 603 734 518 52 198 428 396 143 94 13 304 573 15 43 124 511 589 530 933 442 329 113 757 833 780 690 782 121 918 480 322 207 785 955 857 732 365 560 869 600 120 850 348 775 938 229 513 345 894 679 957 911 526 725 72 26 494 566 639 875 945 731 285 203 760 437 700 479 287 186 150 591 157 162 645 288 712 283 394 438 868 93 354 696 682 598 451 435 514 653 459 44 628 538 231 127 861 8 865 425 262 434 284 39 640 710 922 456 852 890 307 213 753 733 864 404 527 351 652 604 498 363 510 950 409 141 487 773 261 317 548 482 21 917 455 171 103 650 371 477 535 564 495 575 651 897 778 245 657 502 621 583 239 719 835 724 787 968 107 472 42 73 919 302 126 7 749 986 965 383 839 289 691 647 475 243 779 202 594 405 4 210 267 343 27 904 286 481 585 935 450 613 264 464 824 357 562 539 418 928 800 751 848 893 959 743 91 500 599 880 40 547 294 486 670 709 866 851 579 180 331 845 714 149 48 889 796 630 6 50 269 461 745 770 163 372 688 577 270 230 376 567 934 346 646 507 668 638 129 274 238 341 972 34 84 216 660 637 859 870 273 921 473 843 69 927 99 961 655 204 38 914 352 54 16 692 705 512 595 769 522 809 60 403 608 349 367 867 20 53 772 11 226 184 759 119 379 360 524 387 846 237 227 554 462 793 903 470 217 252 763 228 754 490 488 606 774 88 552 474 727 135 397 549 808 70 963 178 337 799 656 806 506 453 182 738 391 467 822 215 708 408 432 814

small:re
	@./$(NAME) 9 2 1 12 6 3 2

clean:
	@$(RM) $(OBJDIR) $(OBJ)

fclean: clean
	@$(RM) $(NAME)

re: fclean all

last:re
	@valgrind --track-origins=yes --leak-check=full --show-leak-kinds=all --log-file=leaks.txt ./$(NAME) 48208 89428 43534 1289 43160 58730 18966 6763 64000 79154 32586 1605 84537 55860 20787 61219 70057 56667 49726 40441 98065 73629 69768 53583 76025 78067 62226 37004 37988 74859 44734 66771 26089 87446 16713 71533 63337 23919 81475 47588 79397 67469 98537 37877 73093 68787 60741 15113 14640 90834 41312 55059 48586 58887 46029 40757 78111 65800 67830 39743 94331 68484 17769 17969 53297 72642 5213 47739 79913 80080 76499 35831 49391 16707 54675 37055 22856 51761 96440 25873 27035 6608 77488 60494 41609 67295 12184 59515 12503 72857 93508 87645 78334 29218 46617 56916 92409 23254 30739 61608 39909 21255 18217 66313 40748 54662 76784 41263 57159 66685 57100 30876 8666 54565 45697 81485 23704 40396 35995 70342 91840 6877 40009 38077 62672 10779 37908 10465 10708 81955 44793 39659 83577 51910 59943 76736 36065 83663 22831 30592 80568 22710 69915 87904 54698 33256 97195 47321 28612 28403 25579 34149 97827 88657 20462 11929 72757 54874 65390 50118 22557 18207 98239 49822 28614 74523 83118 86454 14080 68152 68727 2212 17093 81321 80517 59570 56739 80791 5046 28729 55274 8863 95219 65573 65225 25787 86646 20029 6610 5073 48203 70180 66455 48663 94774 55534 60380 70314 85945 80545 51093 35957 95107 83681 99251 25183 1682 97499 31018 99262 41751 31177 91818 957 88941 19550 52152 42939 56575 46997 44550 52678 13017 86795 50187 31863 9044 41568 80191 8894 18963 6373 33910 48051 48494 12467 33804 5891 9605 98891 57377 15763 743 92818 45244 3751 80938 59340 77047 52762 57676 58848 72719 21278 3629 80734 87578 35184 3529 84631 96091 57819 30723 64991 66744 18766 54460 25477 54280 35031 64160 93272 92931 98743 43253 28426 50293 16508 44099 35652 73307 30520 50548 61409 50142 68539 98756 62201 57098 66786 87546 11133 40979 94262 36850 88452 69757 92968 8505 49587 70686 1177 79622 96294 88645 89058 1090 87882 68178 83898 57746 2267 53315 62315 43971 15361 15208 50858 91179 59121 40322 96626 23099 92733 23434 97327 82841 45703 2449 81723 50712 50778 56764 86543 57836 39553 95732 95705 1592 88186 65481 52849 45460 36669 44211 58258 28041 99424 7939 20525 94646 75862 85534 67225 75533 41869 57714 80751 39151 56021 88017 74504 79041 62489 41815 8765 76701 78590 90158 56844 31831 42008 2860 33568 29866 16627 45066 37707 13667 47189 5540 93679 20618 73170 17217 28234 35634 77367 80591 23139 736 98094 59933 46433 60144 20480 89366 11801 88134 87480 98801 19037 69174 56761 89328 51256 91772 20680 11575 83965 53409 29434 45304 79881 83051 73847 82270 27135 31814 49108 90846 80355 14955 81486 6362 34238 96702 88306 22075 36148 89029 45905 88398 33088 24997 24844 24601 74030 23084 82471 50041 97800 77119 98226 39849 83186 26424 37850 16545 27309 81263 17786 59256 95952 56502 20831 13719 15402 65718 16142 5419 3673 78800 98217 70203 82205 89154 92903 27164 56866 63304 58429 81384 95873 89305 59684 83657 76595 17560 71470 45162 32891 91305 93844 71678 18006 29908 26788 2904 36028 81312 85636 65585 87040 75447 53180 31335 73088 55275 31099 44318 5920 15757 77985 80715 53852 70242 55226 14332 21 74020 56153 22375 11946 99532 61019 17602 3425 16071 78505 5279 49803 58817 42387 57525 47768 22192 15896 30335 75388 9771 20328 2548 67718 36253 58853 22864 94312 20726 24751 52212 23471 57536 97041 50015 27761 84819 54529 96110 7865 7488 81633 57591 21999 59607 46728 60348 25665 80962 43623 18852 65795 31689 46045 39235 50139 64646 57470 61880 3780 17618 97415 36413 31655 62868 1237 13588 90418 49355 62992 18199 57085 86653 69537 35984 10163 76639 15143 69755 6319 58235 41797 87448 32207 92168 90237 50819 47863 95882 92339 70935 21861 12058 9262 57860 4015 24896 66835 85209 21026 71965 6599 92715 81314 48550 65315 92643 6019 76141 17161 64449 55551 70332 1973 36690 92060 47042 63766 91864 21731 10851 46568 17144 78572 56721 71383 27413 54344 25410 61666 74251 49881 88728 6904 11385 34113 35378 3562 56524 95620 43924 68168 3082 93350 31740 47470 58074 652 32748 39690 94124 50789 28982 9320 39032 26650 70008 56598 59070 27702 71781 10233 79102 28152 77532 24979 13334 72852 21219 10335 28601 17332 20063 60169 62972 91784 85435 81748 94885 88165 77395 73092 68220 69231 38710 81959 53030 58815 61013 47330 67190 77095 76123 5545 28883 2422 55079 3865 60443 76986 93934 37288 55510 28868 61147 49099 45286 13001 61039 10609 92555 43305 67475 33509 70280 62856 41125 64802 59405 54793 14316 27975 50287 3138 60450 61604 92044 29007 43031 18945 86534 87634 44531 84986 65053 24302 60115 51646 4043 23612 92692 28428 5282 95783 52068 1807 49364 20622 77762 45588 19973 2442 37238 89678 18268 42357 49026 3581 8164 20695 55398 80495 65339 32044 1624 76228 3904 29702 84026 56913 12551 13460 44091 54269 62956 86384 51451 74414 58692 58146 29925 67669 90426 80232 69184 58390 45851 19676 4279 8578 62036 85778 76340 77368 9041 10252 42291 23144 36410 96288 8922 9688 36789 47105 17409 87476 72672 90854 23956 80349 44479 65162 42057 12544 6816 45132 19996 21572 65855 77672 8973 39775 8603 66550 55033 85589 95766 70689 2804 63988 50227 66318 36068 29215 88887 44123 84247 48760 13492 94025 68303 87717 80921 51484 24277 62188 42870 62603 54147 6403 31310 84468 8529 286 60076 51159 7219 97509 97405 59874 75640 63840 47416 38067 60040 2401 19893 2953 33765 49690 11181 95713 86861 99088 59692 94570 95647 24285 944 1683 94581 20350 8256 79339 12637 56469 54923 68770 40961 18625 60157 66049 98247 60337 71736 43759 88302 26159 2856 53778 73204 74206 73113 63200 28988 50848 61721 49280 7805 22148 21365 79702 40744 7515 46424 6493 23339 94676 1203 65531 18813 83734 91042 82050 49800 68283 46518 85067 76611 13754 64425 11522 27490 11019 14907 20091 48729 14395 73309 411 14815 94657 14916 65884 40147 77668 24110 39603 5049 56414 40895 14273 83510 95593 37976 74068 40397 62169 73959 59582 86156 78979 90092 91696 44629 37504 8394 30680 93144 73200 50177 72925 50408 46422 51364 87494 40975 50022 92139 5753 62845 41688 92909 65403 17388 17613 70960 58385 91664 12998 25044 97454 73835 54722 95592 54224 60229 59230 28949 92038 46859 26521 57217 31179 74289 60006 11472 12211 28775 12749 94831 73607 82965 33731 6550 70844 92415 76188 31817 16351 28704 28309 54710 34933 51276 1324 4624 87381 96969 51191 79510 52481 26041 1136 31120 58145 18592 47823 95313 28621 31894 91588 11457 2081 50952 32880 88096 77091 78705 58602 20759 98491 48112 74712 63611 86995 75344 6400 47119 20451 76313 64335 71291 37420 47677 7191 24806 42871 74322 38132 7100 7856 38761 6510 74232 91235 35689 69828 13954 63164 30974 99652 20427 29180 94299 6082 11168 30208 71798 8059 80192 81302 91362 58535 49222 85757 43204 2913 49684 35990 17566 25822 89630 53607 77470 71299 41171 52328 45373 30309 24978 4123 52608 25836 80422 13945 88864 51311 57828 58080 79400 88007 21174 81479 22004 29412 53685 61301 89547 33665 84681 41966 16843 18989 4262 12285 28058 11332 43115 91384 33917 45682 80505 24081 727 27703 97722 41652 64827 24824 60878 5449 65728 99070 73890 99773 67314 89631 78201 51084 39118 95073 32033 29832 58805 32356 7532 70119 75087 28330 96412 71674 89241 74053 90991 56845 43584 60353 31607 42872 73364 98294 61444 11994 40882 60806 28128 96782 36299 18032 95820 71605 49003 40311 15666 87641 53318 24308 32770 5270 71453 39424 31870 30757 60666 64403 47343 89264 95747 32010 26247 65927 81048 64764 9722 67427 21848 74230 63198 5524 85747 84412 58310 72493 2329 47278 97655 81225 58947 83252 76133 90088 29680 10889 84269 13530 66256 87391 40363 17007 54213 96238 52718 58680 20585 13723 60176 84069 64256 99145 46753 82337 98032 37002 9096 79863 70567 54291 28310 15348 34485 1554 49345 58599 25490 88267 5492 77610 81467 59602 18738 80879 83149 61037 18674 5268 47121 1039 97416 19128 53077 49001 39083 32132 46673 21512 62490 52777 21159 37407 74037 26201 99617 55760 71565 47241 75684 43647 58511 5374 94283 52557 75715 16454 38080 79245 81552 39847 94197 25466 79301 1282 27892 23544 13678 74369 93249 55271 58166 21915 64461 27772 42045 61764 76297 56805 17354 95312 40449 65347 20607 28206 72618 72594 50928 38027 82342 46463 14468 11717 43976 58052 71984 89507 19354 51628 17224 99362 65010 10106 44469 80724 6426 57727 24549 40099 88379 21331 59725 70410 96963 76931 85191 78980 63934 78769 64156 22274 99535 80320 9275 22305 3966 89220 43268 25205 90283 35926 20754 70251 8868 81292 28377 86201 82398 14824 5793 52782 31780 95071 18544 41411 79713 39426 38126 78584 42464 56777 2776 15579 62454 19114 53856 68625 38753 12167 9387 38723 18103 9414 3411 13951 98317 98282 87176 92917 28938 56441 56442 73985 30563 12123 22031 30346 798 80578 20150 36956 79658 63535 54282 46587 52907 22317 40727 83402 2808 57405 34541 94510 9869 21541 61979 74005 79587 21726 74161 4360 87905 87467 65310 92427 35020 24749 67105 37333 29897 52168 91151 80209 68869 1970 50373 70327 87395 417 93693 9348 83885 42436 12898 25504 16783 73736 32895 5852 13896 87780 13219 54426 92466 44355 49360 82763 647 3297 52162 56700 62763 30657 80947 78391 5217 12572 96770 81514 39257 71577 8247 40105 8300 35864 53070 12546 91280 32718 52034 34046 78962 35279 47433 5047 55089 34720 41019 83706 50768 47788 82290 16359 95779 30993 96959 71405 91954 2559 4990 71617 5923 12597 34196 97715 69539 82568 68208 31918 56742 26442 3739 55647 91932 755 3711 13045 57686 48483 17529 65332 34248 38087 26944 4495 13360 42676 43608 87273 6888 74271 17557 91339 1775 86895 39975 72635 39997 89445 83907 23983 30415 75967 5149 82641 36386 277 39503 52144 43287 8396 48382 62665 85669 51954 16649 26548 3457 40300 20121 85533 64531 87975 7271 26108 8278 32751 10273 9724 96605 53105 90695 90011 84385 29419 85249 27720 92839 24269 88208 4016 80632 61480 98304 68516 16549 53079 49290 7270 91247 81498 67598 53036 21123 41383 52352 41316 74673 57834 94160 88732 99397 33541 16799 1945 45232 63676 80681 67046 17574 34060 76473 9776 24387 8998 13818 21371 76925 15141 55173 89472 27058 49932 14512 83238 40331 19310 13574 99116 21937 18127 29091 38729 45960 62745 40733 16712 82408 18326 49832 68807 71009 65745 98062 36451 70352 18454 84316 82246 52776 54617 53838 82325 26563 42171 71962 19041 57254 45439 52460 23038 26572 40578 69320 97723 92403 78649 93563 60812 44494 25309 15471 91912 89247 46701 27204 93588 30770 65119 72899 91884 12809 48632 3846 78579 70289 12781 39053 24591 70885 67406 56054 7588 65236 54203 33626 70594 71504 21935 25247 16810 61191 32936 21273 95488 26635 74039 23125 94504 2220 90914 84908 21663 68485 34848 44709 31530 40420 96094 68796 89614 16555 50426 90729 99359 93804 22056 17978 56639 60893 5632 93954 24783 24317 24472 48362 96301 43821 38673 3408 79851 98468 41025 4343 70932 4900 36844 74416 19799 79887 48173 48927 48780 88704 70695 98123 88814 52861 6673 3627 91297 50300 20445 79368 55040 19375 58151 63677 38341 26883 10346 48056 21849 14438 16425 78647 8048 22881 6370 81844 18990 50860 75333 27701 31011 39452 17057 7981 7377 33707 68743 95097 47684 59902 14282 80304 11720 87437 82449 20904 49066 63305 40694 24743 3251 64394 69224 56322 44604 38112 83098 60367 3951 10549 84411 86994 39109 64889 22289 12692 26863 46539 8962 15365 41870 5798 80562 50499 94192 48178 83386 44577 54934 56932 68638 59455 32449 3815 1658 44514 63804 40833 89786 37299 75127 80302 58397 91507 34521 89868 57665 40812 55788 86474 82963 87936 97328 39340 23973 70999 26912 13442 49207 62559 2980 68670 45950 975 51721 32034 48590 63082 50699 55542 11597 51281 76410 10401 35735 91604 6685 98321 16853 78812 2488 23212 91877 57838 15098 80151 42725 37641 88082 55153 60956 83964 31802 79843 24000 28170 4411 34579 71739 22920 78955 66365 62466 97791 39494 57855 50168 4936 65499 24432 68908 6279 15158 68938 29736 8620 32456 25403 49467 47991 64099 15549 2207 7746 79597 87164 90203 78324 71471 58808 91874 90717 63822 78180 99647 43342 21825 58596 38335 91695 32436 36729 9187 66304 20193 83956 16184 1772 27104 90871 7441 44993 86677 61250 98 18849 65354 10220 18601 5348 57027 97948 21526 92468 74095 85932 40312 27202 24670 57638 29230 30696 49110 28653 78522 62924 13405 13338 73261 79994 63885 626 34388 18344 32315 29400 72072 23528 25535 33386 52047 16673 48261 27414 24357 84578 4602 99217 18472 19008 77944 15131 41804 42733 82328 8456 34499 1711 67163 97525 4541 50575 17166 90534 4754 19428 99719 14088 52411 2578 70075 22486 42878 84656 79049 91675 23534 32886 653 71413 70716 51100 28806 60512 42271 9119 62212 38492 79179 41902 67379 27334 61815 37183 43578 73921 78511 23564 75919 69963 92702 80406 23453 24459 12727 63146 30720 23410 87175 84955 53761 916 30455 1972 35523 69597 47923 78333 56094 7083 16074 41182 1029 11411 88081 99803 13905 47647 34700 6166 7017 65409 60136 91994 61165 63986 94874 11629 98702 70436 7104 14084 94823 67048 12721 30308 82680 3023 60988 24702 63248 34376 95310 11546 34809 19835 67033 8635 32424 30633 37798 86735 84277 26601 74759 40647 3128 52032 54656 8280 56089 28583 3022 55838 59258 20340 23997 36096 8564 7414 72871 10534 59160 22001 20322 2259 33012 44983 13628 88390 98336 50101 43454 83903 94024 20342 44960 9195 81974 43433 63917 48958 47497 27853 45284 28447 73458 19225 31945 35815 69268 93418 60250 59577 19409 38917 90848 81804 85156 49168 39713 50752 39582 9825 70749 97147 31268 4091 23307 98508 62988 97927 3199 96153 60966 19764 50173 16958 81583 48185 70098 76907 63747 7174 9907 68853 97502 45021 16970 74906 6631 39613 60437 16033 23456 13675 84835 33950 30277 20576 64909 98952 84789 47583 39766 71404 36027 82017 28263 32204 44771 29957 35189 28349 80331 43444 70745 82133 74650 46864 6364 66580 73695 59871 16289 49678 41456 5075 34771 40005 66877 60456 87946 15052 64870 98604 1056 21315 10890 86233 27654 61923 35972 22541 65540 95992 35614 88092 27198 2277 97515 94876 81310 40624 57841 82688 35255 7924 59932 92461 16998 52247 40328 50892 91638 60960 8676 11034 65455 42791 42544 58317 65300 70956 13513 6937 58705 17466 97423 48211 48490 38079 7135 88260 97698 84915 11271 19247 91798 9657 91110 3298 69356 35400 36001 13885 84220 96859 31710 93726 12474 27803 32990 24038 75885 2650 99313 68629 82108 39365 43310 16556 98558 9799 45628 17650 21741 10719 17459 50380 56056 62623 62332 27884 15161 74464 23931 73790 55686 76266 93325 74512 38276 9759 86957 90842 71630 30594 36756 59635 12814 16451 26630 64711 11913 92442 3032 43274 10219 25040 80854 45080 77695 15448 94990 79132 43691 20251 45867 63835 25275 72350 32372 31374 52282 30980 18722 65635 98615 48820 85389 17267 60315 37223 30717 79170 11559 7176 34663 31158 27969 45735 89344 30266 98229 61202 20296 3507 88070 91487 68803 17219 94564 18968 25249 4097 76385 44923 87819 57571 5110 9301 35339 61555 70575 34096 11085 50983 30802 97013 74214 96752 14205 45948 34570 86139 55690 77227 5980 48857 20003 1676 41214 55869 13436 6809 99505 45115 54937 89294 93597 52044 2288 65349 36581 41550 4264 37438 5162 45166 85728 80399 86976 83472 28239 68043 67478 72823 84056 889 51769 40596 51459 74838 79637 23981 83765 80755 32745 34005 2358 65490 33035 30381 59104 2079 88613 47502 76136 37410 88601 46688 990 20371 17416 30539 71575 73510 30221 76354 95302 37769 28964 96956 15709 8574 24715 18584 61733 82166 57754 9094 11461 36350 56164 55515 41889 55192 82028 7760 21430 9483 84067 70661 30880 40865 38301 43177 89514 24480 44000 66980 55915 48665 56508 90391 66961 45604 38515 82607 84040 74062 8940 20139 81657 65314 49495 71612 62917 88985 75810 57256 76327 92484 90634 56702 62548 94353 40130 87055 32917 62435 25642 83502 97514 82992 61126 23702 96948 91353 63994 31445 78453 92285 44265 557 3716 50988 49236 31819 29729 43657 72343 69609 44246 14465 95819 7958 46537 31115 89438 21276 57387 13555 51976 38040 8433 18494 28648 3943 48553 21307 30929 18105 40340 72283 93536 3669 79613 30572 77966 10773 9408 60243 24868 79444 61217 92425 82756 73658 91268 16948 82709 95220 55381 67438 38475 64969 95247 66670 40361 48809 1046 88093 49227 1449 30779 60465 32467 67935 18887 90837 79804 67998 16825 34951 27938 3183 23864 16325 59586 40522 20305 37721 12041 20272 39158 42327 93713 79495 79522 47614 99841 72513 17795 81054 67009 13949 6323 67539 16136 69909 63105 67122 86391 14807 46861 88427 31667 51528 74431 83067 4238 92776 89799 88849 91168 97312 8976 92177 4126 56746 5899 58107 55469 59323 51016 98610 14126 54524 12590 46432 76474 10241 9120 74659 63381 40716 4268 30063 26887 47963 7175 50635 84503 44700 8582 1235 69428 63452 96996 21073 40932 43982 13395 16147 15397 27434 45203 25431 18457 89407 50241 74716 97534 22189 25420 38452 47200 96993 97681 61150 48005 62258 59156 46943 27069 46297 13182 56196 47352 34959 54963 96337 40017 89017 39094 32777 62806 17395 73705 13283 34653 92203 78451 52056 52094 15909 45819 53456 46473 5756 18956 42930 3001 78528 61775 61223 63599 95025 81253 84151 1860 89558 70742 32445 6667 35078 25016 36247 98430 36978 2306 9885 57332 67805 43473 72396 69385 84128 89065 64044 7622 39349 17638 97396 6349 41743 41695 86978 19227 1915 22877 24290 40474 74478 45219 19931 29173 16669 63215 92236 73057 86961 14673 40077 10834 44142 66281 91707 24921 58458 33638 74040 41275 67138 7306 14516 34100 23359 36650 43597 84079 55245 73300 73257 88690 19792 9124 58712 99940 42606 69996 54151 41240 7352 56266 66538 96936 53984 75179 74985 54531 23081 54586 51540 67649 2127 2937 51383 46923 35009 5298 52706 74609 89405 97811 67814 80781 83691 99387 99546 14915 13025 30949 23581 21868 59413 30327 75202 28 73330 20500 72110 55616 55994 90084 73427 59832 76831 80398 43125 15094 5036 96117 3989 47196 22980 95491 32472 18408 42113 51536 7913 43077 65004 61136 39670 19511 69198 82499 82513 40821 11549 9039 53381 41199 66333 78024 58969 4999 47354 53120 12456 24782 81609 38140 16169 61060 98641 44606 85600 56260 46416 79422 1335 22387 94773 71810 24297 46317 35390 36449 3235 2091 10280 59756 3747 19126 51764 72602 31566 94956 88400 22957 61163 87900 95815 98788